%YAML:1.0
---
K: !!opencv-matrix
   rows: 3
   cols: 3
   dt: d
   data: [ 2.0349437892889209e+03, 0., 3.0659332739051939e+02, 0.,
       5.4435768426261247e+03, 4.2898954874475680e+02, 0., 0., 1. ]
D: !!opencv-matrix
   rows: 1
   cols: 5
   dt: d
   data: [ 1.9369882244488821e+00, -1.2558205563323720e+02,
       -4.2030287193601620e-02, 3.3030641954719157e-02,
       2.4702326659498744e+03 ]
