%YAML:1.0
---
K: !!opencv-matrix
   rows: 3
   cols: 3
   dt: d
   data: [ 2.0608384596932483e+03, 0., 3.1793906826621395e+02, 0.,
       1.9402470164894189e+03, 4.9996176286733379e+02, 0., 0., 1. ]
D: !!opencv-matrix
   rows: 1
   cols: 5
   dt: d
   data: [ 1.4024035717701844e+00, -1.1912381400275720e+01,
       3.8322329435455205e-01, 9.9802713437583693e-02,
       2.6810670905055819e+01 ]
